40.63465521
107.5662044
14.61580987
285.155
182.1617021
15.91581856
193.9772727
24.72757057
14.75573046
104.4969793
563.0111111
2.765994559
100.7713435
106.0597625
34.82387612
1468.127632
1138.914289
644.9186047
46.95909315
13.42240246
79.58074672
1305.46
18.23307186
8.861733592
74.99509766
3.472316623
23.30299516
170.6933333
72.25540797
68.98592211
53.76100512
343.5278427
120.0555831
78.93530478
41.40047386
3.655989052
16.71551933
220.5208333
6.870854602
95.29846047
8.846680432
812.3041237
22.38765783
141.0977052
40.47017575
357.5572273
27.26418826
11.22334114
86.75099882
60.57121698
79.24424589
106.0713923
328.5585586
116.5595238
134.4285178
129.4749234
34.9283434
94.508
199.4306912
85.09401523
89.21533805
121.6988405
121.0900394
58.17200837
79.33710583
289.777944
24.46427807
44.56077228
31.5425808
83.079608
124.888169
32.13839654
17.47176455
19.04802474
118.3810853
34.83452722
46.15249042
17.48403751
27.78429216
117.5676505
71.82431694
5.719490045
156.7933794
70.50631583
235.5221782
101.5905731
3008.9
85.94135764
0.137234742
305.6882353
293.1666667
131.6413494
42.43592707
55.52251067
3.800335281
352.1455007
30.08473707
32.46553741
64.88041827
6626.47619
112.0208459
62.24835684
3.166224439
58.96984783
74.38811384
43.14825614
50.87495982
402.6214635
129.920878
44.53697645
66.67884629
65.16974888
145.1526316
337.7449168
199.9956857
246.7159741
351.3388203
68.11009746
5.805830277
67.19689707
121.5271605
201.3439831
504.469731
160.5017911
151.812009
27.73044838
26.19340988
48.40925194
29.16213161
29.22615741
28.53582896
35.00742813
40.08193872
401.6998045
64.96027668
38.13104236
3.479899292
223.25625
51.02881532
59.36322638
39.41454786
121.1949165
17372.39726
81.46119699
34.26556729
147.4827217
82.78015218
1206.666667
11.65671166
1279.309375
3.312847579
612.8674877
59.14391883
32.87375191
37.04816795
36.65758842
62.64725268
124.2770912
17865.5
1.692671027
45.87130112
70.24544925
29.24141891
78.10994168
2.569815011
502.35
183.6427136
487.1324941
13.23851204
16.17788918
46.48931361
11.90899976
165.9207956
18.49708799
13.05483169
35.65049174
8.569567044
12.17917928
33.5420405
211.5724691
47.06320958
14.44213885
15.22056632
22.3766
302.8376933
124.4719523
115.4277577
33.83012769
34.43953243
423.9984216
119.6349699
89.33394954
8.716094712
395.2295906
64.81978799
502.6666667
170.4114583
12.44032488
63.52102529
189.0347826
76.50094209
6913.422857
111.8343659
100.3632572
13.46252182
17.98535191
14.5576386
40.63690457
331.5774808
331.5774808
92.12932237
316.0102057
196.5115385
283.1622951
540
279.9102564
35.02671699
35.02371729
35.02671699
18.3833064
3.247801282
67.07848837
22.46828727
193.5336319
109.4372522
51.82960846
48.36841725
130.073509
69.30934768
111.2876816
142.8
256.4077973
66.48365088
91.40022738
10.46441172
31.03263158
326.2666667
155.2195936
79.84913347
82.53758373
255.4747034
33.24368685
41.25164104
19.14542338
64.18147626
18.4852338
31.87655575
274.5144645
305.9742857
52.09172483
42.2802413
17.64158652
34.88551635