41.67400515
106.8437591
14.86383484
281.13
181.8595745
16.45953557
196.1363636
25.33174985
14.90802429
104.1836319
563.4222222
2.823594496
101.0442286
108.2912905
35.44255744
1574.702632
1151.615856
647.5953488
46.87407553
13.76260412
81.95266052
1312.72
18.56992943
9.008399335
74.95570313
3.541742982
23.53409945
176.3333333
73.44971537
68.57445652
55.43076023
355.8327882
120.762531
80.12880693
42.46688667
3.698084788
16.824041
226.1875
7.001014479
95.03029304
9.141149142
817.5927835
22.63514818
141.8012441
40.9340027
366.3863514
28.16219184
11.56891947
87.90170388
61.90222956
79.14721229
106.1390643
330.704955
118.0179654
135.1965825
130.1695734
35.3795082
94.66
202.146875
86.40200975
89.81033388
122.550021
121.9396652
59.15328555
80.81012909
290.6065637
25.21051693
45.48068317
31.48183534
85.302099
125.2976596
32.27062615
17.55008008
19.12600971
118.7110725
34.8230659
46.6258347
17.56785456
28.47324764
118.1740787
72.51693989
5.850227035
161.9465415
69.59655691
234.9396374
104.2153643
3040.7
86.16770365
0.137222561
306.7588235
293.7425926
134.5467805
43.60967768
56.78634424
3.813812548
357.50918
30.93517705
32.70219646
65.98532487
6640.761905
110.7108141
62.88309945
3.177047382
59.74774692
75.89085646
44.15795194
52.00660609
408.3769224
131.6345297
45.05295017
69.00588046
65.83502685
146.5754386
345.9149723
200.9089719
247.588735
351.2949246
70.58870241
5.960921954
68.99881927
124.1555556
202.4068267
506.5091452
161.7960871
161.6859147
28.06725756
26.66010832
48.71108007
29.51851821
29.59007352
28.89466849
34.44305243
41.03413238
408.772434
65.56037549
39.67502076
3.528581334
225.025
50.46535301
60.14994766
40.49992807
123.0813464
17674.74576
81.63838224
35.24384565
151.9840475
84.19119464
1200
12.04284988
1288.990625
3.397620064
614.4970443
60.09188096
33.5960009
37.73152268
37.32908492
63.3849073
124.1203049
18175.5
1.718357836
45.96981413
71.06197177
30.07174013
78.63114189
2.614336382
501.4
185.5086571
490.0796917
13.40262582
16.34043523
47.08820841
12.37245915
170.4131065
18.66488182
13.22051226
35.90509315
8.924306947
12.48844831
33.99605919
216.0141436
47.88002421
14.78116636
15.42372766
22.65747109
307.347758
124.5644606
115.3864723
34.00410153
35.44908669
421.692221
137.0500431
88.53119621
8.718719877
406.3475476
65.26501767
507.1833333
174.1625
12.7504389
65.34890147
189.7782609
78.23765586
7125.104286
112.006779
101.2745283
13.74299609
18.39110397
14.91508114
41.23430044
336.4597885
336.4597885
92.97506517
318.4021687
198.9115385
287.2065574
548.1617647
280.1410256
35.99848457
35.99548932
35.99848457
18.9059234
3.285397436
68.22843023
22.66051323
195.9669754
111.9955946
52.9791369
49.9233608
130.2593455
70.50215198
114.354863
143.6333333
257.6265107
67.1961895
92.59164404
10.59510991
31.83894737
326.9333333
160.4880887
79.49544293
92.17013158
257.4144174
33.53639923
41.56858386
19.2135813
65.27362482
18.93207547
32.37753755
277.4373529
304.8771429
52.72946554
43.47638313
18.17060897
35.4685201